9331
761
3094
9744
1905
7825
7944
9093
1030
8949
9198
165
1791
7952
8864
1704
8163
3577
4628
9922
729
8975
9181
357
9032
5738
6403
2583
8158
2320
3241
6758
2741
2677
6971
601
6723
8359
4566
4104
7793
5849
1532
3951
366
3645
5848
2799
4773
3480
9472
2469
7772
2016
9033
5119
366
2361
9870
9916
5260
1089
7348
9124
3775
6905
1128
6200
5649
1557
4202
8123
3389
6982
2974
6241
1044
2502
4480
6166
8626
1778
4904
3779
960
1023
8862
8476
2027
7526
7456
1198
4996
7442
2242
5127
3130
5085
8837
4294
1925
2053
2843
9669
4916
3092
6090
5827
9481
9585
3295
3767
5875
2673
9285
1874
5485
1378
9638
5717
2949
2617
7664
9107
3056
5274
7820
6040
2412
6744
6939
410
4390
8750
1970
6958
3148
1741
8089
6510
5862
5927
6318
3418
7425
8251
1774
9789
3835
2738
3351
7985
8518
4138
9175
4101
5191
1056
2233
7294
750
995
754
620
7483
2055
1319
7903
847
8376
818
8169
4273
2367
5828
933
2322
2953
12
6633
9635
726
1321
4424
3333
6480
9773
8251
9985
6157
194
4017
8185
374
1938
4309
8478
8345
2721
1807
4452
3564
3533
6765
563
4643
666
3522
7136
9107
743
7600
3803
2472
2053
2803
1210
6388
4649
5870
8853
4521
1903
8266
9507
1465
5089
4171
7478
2732
5193
7670
2387
226
7364
3264
1717
1065
695
8089
2113
5857
886
5657
5628
9374
3378
6121
5180
2958
6403
7349
8813
524
8583
9024
3190
4276
6682
8985
7419
4600
9846
6956
2292
9170
6380
4716
4781
3146
8500
2928
3951
3003
9234
1548
1695
3265
4154
3234
7493
5942
7812
3624
2480
5582
5251
4971
9689
8398
595
2532
4069
2068
3281
2522
5486
787
6528
1481
2404
6670
5993
1569
4096
8232
1986
402
9722
3017
1490
3766
1308
4676
7988
4479
9766
4310
5178
6180
5907
1313
5348
1910
8796
6458
5890
4151
8043
8895
8390
1693
67
7853
3341
8932
4910
8817
2751
6818
4727
3470
3524
3198
73
6383
8986
1939
8951
8365
8197
2418
5198
2851
6871
294
5800
8896
3552
4092
2483
1356
9958
2338
3313
5487
1736
9631
6272
4382
7008
4244
7325
968
4952
2241
2612
640
4735
9643
8380
9835
6860
5917
2897
7965
8497
1405
2113
943
1475
3216
5004
9459
6633
2640
8821
6027
3396
5212
8974
5207
3182
9441
963
3358
422
3000
806
9375
2106
3472
4763
5080
278
301
788
9495
2668
2273
368
1198
7588
7627
6559
4076
8455
6205
7801
2970
1558
6914
3024
1156
8801
6944
4691
1689
6677
7274
1909
7940
7076
921
4877
4732
5819
6123
2639
7096
304
7708
491
1463
3611
7589
1780
1199
103
8883
9828
1317
7721
7370
414
5516
1568
7369
7620
4049
3181
6559
7930
8503
261
7262
8330
2622
4644
862
3130
3850
3125
1366
3547
576
5055
295
51
4708
6434
2601
78
3729
9939
1675
9584
2857
1060
9108
7230
4494
8727
975
93
8351
5220
1079
7563
6855
3401
7231
4461
2419
8562
9141
7897
7811
8457
9864
1669
834
1407
2600
8255
8217
1756
6317
8190
3937
9796
9402
5529
5816
2059
1411
3303
2662
7385
8733
614
8735
8065
3797
2512
3356
1455
1315
267
2246
3073
112
6144
930
1927
4663
735
3220
509
3016
336
9101
9401
7730
1197
2310
1248
1842
4446
1730
9598
2663
8357
3838
101
4360
9611
9565
2981
3176
219
3394
253
6248
510
1468
4002
7886
2886
5913
7326
2117
9343
3812
8906
7957
1906
9777
5391
4244
2396
8204
3800
1389
7262
9244
9228
4112
7303
9069
28
554
4607
7806
4072
5943
9941
1272
9351
9141
6748
7745
3286
1963
513
8656
4752
6186
9232
7217
9071
9218
4167
9851
418
1208
1099
769
1727
710
1882
2246
8587
8131
1425
5236
5160
3797
1599
7054
3262
6917
6121
8900
4334
3986
63
6567
786
4601
4815
670
665
2595
7065
6793
6210
6190
4771
7428
2134
5969
558
126
4827
5595
5960
2474
9638
1339
1859
7877
6736
1941
8709
8298
9133
7619
1730
1138
9961
1466
359
2144
2340
1599
6537
9804
5344
2026
478
8046
6008
1401
2521
6094
2323
1480
4636
2281
185
1488
3544
7927
2645
1021
9513
3594
140
6453
160
8313
941
7286
1473
5150
1753
3151
5550
9245
2165
9409
8787
1879
9933
9911
3413
350
3756
2100
8404
3385
4970
5164
1464
9274
8500
4278
6363
1182
5298
1008
4755
852
1493
1412
2755
1938
352
1097
5218
3364
2888
5117
7564
5223
4287
9634
856
2053
1981
4310
6586
8786
5952
9144
9642
3575
1990
5143
2693
4492
1880
8733
5825
7707
6794
9276
9943
722
608
3448
6940
9993
8371
6469
3040
341
4931
98
6156
4413
7263
3815
1333
219
8884
8203
246
373
5443
7592
7533
7389
2646
1235
1204
7413
9427
1319
7139
6759
8785
3441
260
388
2411
1330
4279
1003
4292
7760
2600
5756
4506
4094
7629
926
5005
2973
8500
1566
3058
3378
9981
8009
4147
8122
6867
859
6617
1292
209
8505
6637
174
9474
9852
5146
3643
3178
6943
280
1539
2691
7835
3253
9171
6058
113
2116
2086
5004
6936
9211
3100
1963
3223
1191
2091
3542
9589
227
6259
8919
8687
9705
742
5326
7114
2424
5128
1695
2170
7367
1747
2615
3682
7689
9150
37
5725
737
2799
7878
8620
2919
5134
1009
1409
2380
1068
3941
1963
2298
9365
335
8771
1792
866
5008
486
9197
6353
2927
6660
2746
1160
7771
5289
4941
4680
276
2746
7947
4831
1690
6642
606
6705
7478
6909
4567
7144
1688
6997
3974
8761
9888
3419
488
1496
465
8936
7824
2895
7266
4661
5705
3947
1079
8696
8474
6952
8624
2127
4619
4830
4689
7842
567
7276
4561
8340
5635
4868
2391
8826
2110
8679
306
9872
7177
2210
1783
8248
8073
3641
705
3620
8251
6739
835
7830
4695
3238
9762
8022
9880
3605
9873
5252
1275
5159
1052
7518
4486
186
8106
3940
9899
6663
9917
3034
8732
5048
6571
2094
4353
6327
9298
5258
6184
329
87
4508
4653
8587
5664
1621
8347
8891
3923
5951
8609
9211
8574
6066
6584
1505
105
1177
708
802
2649
2080
3049
8977
8886
2033
8480
930
238
31
3562
2436
3867
130
1268
4126
9443
5621
1195
889
5504
7676
4786
1598
8815
3274
114
3090
4412
7266
2546
2495
8030
7692
1815
9893
6462
9210
6909
9041
2478
2667
998
476
888
3984
403
1527
1508
3150
3393
1189
9726
515
501
5035
9063
8236
7052
2739
5195
6822
3596
919
116
9284
511
620
1789
2657
737
7260
1641
5558
4599
8793
6308
478
7026
239
634
9911
2629
3849
919
2444
19
2775
9438
3249
3165
4110
1375
1279
3915
1329
6867
2241
4568
8142
3801
6526
1235
8268
646
903
4259
3124
7272
6371
6282
1325
5660
6506
5918
4317
9857
1023
8852
6924
8429
4881
2477
555
8318
9955
8198
5061
3539
6219
1515
1908
5116
7320
8780
5288
9711
9640
8130
4436
2909
3544
7955
857
8260
6109
2996
503
6534
1699
543
4593
1818
2900
38
2352
7841
2827
1318
5691
8220
9610
7135
5526
5869
6664
9459
4856
2955
1439
8157
7857
489
1765
6468
988
5705
2329
2928
1713
5693
5041
9885
8974
8222
6882
4686
9479
6513
3919
19
1180
4599
9541
5469
2298
7107
4071
5697
6821
1794
9173
7308
5444
7574
7618
6422
8877
8099
5814
7498
9714
222
6737
8005
3804
4626
6834
7981
6072
4580
3447
1220
8959
9194
1877
1581
6922
9096
8635
94
6037
3243
8290
9574
3412
2634
3879
1521
6068
1146
412
7818
3203
4992
2059
6208
6130
844
4269
3580
8729
1508
5675
3714
5308
4126
3987
4326
6557
4083
7340
5425
1747
7152
1901
4436
441
591
139
1180
3577
7846
7010
7718
5035
9629
9703
437
776
6758
4971
7858
2676
440
5522
6468
2588
4348
1973
816
5292
764
2292
802
2660
6200
7392
7933
6604
3884
8344
8383
4037
2335
6930
361
7762
4668
2413
4045
4183
7846
692
3753
5600
4808
261
323
8166
2107
675
1957
4142
7051
713
5515
1874
5900
3649
9898
7204
5864
3860
1827
7855
6045
1298
8857
8096
2629
9124
5024
7798
9654
1920
9686
2118
6187
5052
758
2722
786
1975
4138
5515
7304
9413
1793
1956
130
1065
114
8937
1869
1640
2080
8752
8776
8907
1182
2446
9712
2821
6005
3613
8860
3414
7875
6541
8139
7407
6198
5785
6603
2647
3082
9819
5099
5854
5439
9858
67
464
462
5427
914
1756
4349
990
7624
1125
2498
4147
6870
7144
7028
2469
6674
3135
1560
1805
3439
9958
6939
9122
3069
4812
7227
3319
5997
7085
731
7541
2487
9709
1078
7227
6767
3863
6787
2147
821
2519
7290
3464
1501
853
5543
2981
5439
6083
5004
1615
8543
7688
7916
581
2063
8254
1573
278
9236
809
5517
7508
9767
5402
7585
7352
9644
3811
6650
3111
1128
3627
1073
355
222
7827
3635
7077
4795
458
3496
9993
7427
3471
8705
6858
1067
2565
9377
817
505
7084
590
1112
4345
5645
9400
211
3441
4262
8601
8081
5207
2023
7612
6174
3330
8764
8035
9997
2750
5964
3348
4502
2211
5297
1828
9658
2088
7769
4919
3054
5781
5548
6918
7479
4262
1743
2498
2675
9575
3001
1944
6265
1484
1252
8934
1969
3103
7782
109
1990
4608
6576
9127
8555
9768
743
8906
1228
1038
929
3502
6503
3646
9266
1804
6283
7623
2040
5576
240
7604
2932
6160
1255
5053
3594
3621
1250
1039
1354
6937
455
4041
9472
9193
5266
6184
808
1742
9897
1125
2311
1455
7604
2974
8118
2729
6044
3667
848
1121
6402
4609
2078
2601
3347
4
5601
8513
3387
7848
1072
6400
6729
321
3330
2932
210
1228
542
4006
7304
1158
6449
8897
9723
6315
2640
4580
3056
6161
1214
5414
514
1350
6353
26
2758
7096
9792
1475
8516
692
879
4858
2067
16
1103
749
3123
6653
8415
6778
5633
7
9384
1437
5926
5439
183
9654
1393
7243
7692
2990
2695
5036
8483
4604
3640
8848
7424
4163
5395
409
9841
7774
4429
8062
8942
1311
5134
3425
2484
1315
7612
7681
355
1242
8972
8560
7061
6582
9510
1880
6336
2179
6153
4857
4621
7142
7295
1686
1257
952
9714
8129
2140
8021
3391
6692
7273
7071
2602
6194
1461
745
9282
5948
2876
5969
246
5880
8096
2477
2568
5104
6403
4026
2097
1991
503
3089
37
9329
2787
8315
6856
355
2617
5878
9074
9272
2486
8744
6047
1590
874
67
9994
481
9193
9834
3595
4046
1537
3555
110
3082
4189
8909
358
5756
9752
8068
8721
8329
5014
2675
9134
3879
7392
9034
2141
6468
2479
832
2918
5463
4139
9994
2412
7014
291
2540
2563
8922
752
3439
2224
9280
1957
8228
6000
5762
5578
4040
9052
3606
9674
2553
5787
3637
1545
4280
9336
7310
9418
8863
7590
107
2559
341
6977
1349
5890
7584
4855
2820
8692
394
4006
2761
3477
8870
5480
9760
9075
1445
1741
144
6
6420
5751
2085
4203
4121
9644
896
5903
6622
1367
4268
7023
8333
7440
420
2750
9485
2333
36
8967
91
9401
9886
8483
1516
4949
7486
6460
9826
3580
2991
2451
2077
9355
9823
5152
7397
6432
1920
1576
8917
5249
4209
6307
8601
6401
5693
5294
3788
2096
8546
4767
75
128
917
984
638
7487
3427
1837
3368
7441
8331
489
2812
9389
7739
9294
3123
844
2376
2043
4347
4397
1570
4307
7650
8701
6999
524
7060
7093
1078
9941
3601
6756
6183
956
3427
334
217
3358
6430
8437
2412
3568
5704
2807
4865
1118
491
9033
8159
4418
2537
899
8279
7271
4928
5259
7001
334
4126
1046
1272
5153
262
4860
540
2646
9171
5963
5239
5367
8013
527
1547
2639
1626
6257
7753
2999
5030
1533
9693
4547
8598
2073
4408
9334
6218
5843
1197
1965
6369
3530
7521
1723
2593
6096
8285
3504
7111
5469
2325
1791
8988
983
414
7392
4169
546
1100
2435
7980
3891
5769
7015
4203
8329
7549
4218
3016
9693
682
3089
662
6585
4663
3322
9468
2664
9936
8016
5815
2413
7292
1679
404
2086
991
6249
6254
8946
7120
2040
9685
2192
8013
677
2048
8074
8974
6297
8692
434
3848
114
4901
6412
3987
1511
2700
77
2686
1103
2106
1746
6866
9199
717
499
9156
9139
3520
585
1710
6784
663
1374
8112
359
316
1108
6403
9532
8483
3929
2991
6487
773
1674
8766
4666
4283
7158
3792
261
8297
3652
5296
871
7486
2358
5319
4726
3704
8128
9983
9521
6077
1380
3354
6851
983
2464
2309
3002
576
7659
4935
6089
991
5195
5950
7355
2545
507
7805
650
8795
6939
4974
3871
3983
2648
2718
410
1726
7326
6265
2691
2957
1003
9396
7986
2586
5797
74
9213
5025
1343
2104
2608
9290
3960
4477
5426
8757
36
412
1701
7961
5648
8581
2190
2585
6896
5731
5094
7369
9163
1334
9392
1279
4041
3652
332
9149
1692
603
1947
9294
6317
9755
7396
7663
7416
2498
3687
3296
7274
7367
1584
9483
7978
6939
7709
308
3942
3261
6419
369
6016
717
2303
2893
5913
211
889
183
8731
5713
5645
2720
1693
1510
1613
9125
6403
4612
8225
2250
453
7253
2737
2536
3521
5625
196
4343
3171
5347
3530
7024
2723
854
1991
7052
1504
4921
2000
7297
8588
6434
5403
7583
4360
5522
5154
485
4226
4637
1321
5274
2187
1486
801
7321
9870
3896
1771
6523
46
2095
1536
1883
1055
7400
4145
4887
2856
7535
907
7587
8167
3016
365
8034
53
3848
1117
9575
1116
2836
2071
504
102
2618
8455
7829
472
5759
9674
6088
5039
3672
9824
3293
6937
765
6805
467
1480
2331
1888
6404
1298
457
3099
5634
7820
5838
9636
2482
1465
1457
4691
5181
7901
4960
6045
9076
6775
6133
728
4149
7470
8614
977
7852
459
2268
3131
6971
4968
1959
728
5660
8743
1903
5756
3814
1718
3678
1280
6319
6593
6428
4053
3953
9833
1195
9257
4336
8852
4692
5183
1994
4436
1057
4618
5952
9708
5213
4170
517
6993
1897
3643
5524
5421
5249
8377
6183
1882
2382
9193
9221
7517
8429
4612
3339
3457
2368
8677
671
9237
7555
2869
2784
1880
9665
3572
3474
1397
2120
7787
6329
1770
3227
9424
4420
5949
4839
586
988
1760
8104
6950
5885
2180
1820
5945
2804
9645
6824
4695
3401
4629
4522
1507
9855
5219
1470
7703
5626
6397
1957
8039
7040
1291
1556
7297
7331
4638
4233
9895
6654
8113
1522
6865
958
5455
177
5516
3683
4277
8507
3672
8871
1417
2913
5633
1182
7020
1873
75
3103
3580
5677
259
8226
3628
9163
7988
7498
4424
3439
1704
7941
2708
8918
8288
3953
9140
6292
373
4721
7618
1425
703
9985
155
3728
3206
6614
2091
3568
5256
4857
3210
7910
8746
9030
166
90
3730
3648
6243
7217
3764
2552
8929
2171
1004
1565
9198
2174
8220
6534
2171
723
5158
9598
1090
1647
1772
8943
1320
2084
9317
6402
9712
2505
1843
7077
65
6744
2723
6606
2424
1239
6181
2831
5169
5993
7373
9819
4050
6277
3576
2681
3752
8839
9603
2662
1399
8870
9529
63
8908
1318
7067
4272
7205
5294
5781
6326
1331
7133
207
9916
9454
393
4177
8532
5898
7928
4650
2995
9050
6274
4387
8594
4258
1047
879
2387
2416
8509
1494
4817
4062
2460
9282
491
9505
5790
4681
3682
4214
9329
4621
913
9054
1551
865
1276
6135
1120
9901
9164
8173
9054
8179
4347
6128
8217
1794
4698
7944
8428
3339
9915
4838
2304
1010
876
7357
8255
9479
7921
577
7004
3142
5189
1567
801
8940
2866
4205
6009
3388
1887
6163
7951
7601
185
5114
6823
9428
4854
3172
171
3087
3942
2605
8776
8803
5034
2896
635
4535
2458
2828
1126
9987
2129
2569
680
4524
9740
8982
4171
5184
8515
853
8287
420
5463
4745
3399
6828
1901
8526
1731
1116
8425
9274
1566
2412
8062
722
7321
6561
885
1152
9335
9801
4909
1796
7402
7783
210
2649
7246
257
193
842
1829
2294
5242
7396
83
1315
2071
285
1386
8456
9533
1765
8729
8631
1616
2364
7456
1852
1435
9044
5496
4275
9424
377
4704
2310
5533
7934
6939
8919
3552
586
4024
5693
925
451
9074
3410
9229
2729
26
5724
5305
1382
3921
4682
5607
6277
3866
4594
4212
6081
2911
1064
8131
1903
7235
8513
6069
3646
6088
9145
1785
9773
610
3746
4086
143
940
7903
7191
8763
6057
8656
3958
1670
3630
4830
972
7845
1358
6857
2263
2381
9413
2095
1742
2430
4393
224
5121
9136
2062
416
6340
9484
2698
7469
3709
478
6313
5554
3564
6522
7105
875
8347
5020
1639
2074
6902
3844
8420
3066
509
5842
5667
9729
295
6639
6492
8091
7866
1532
598
2020
6920
494
8920
4694
651
6011
8657
4165
6981
2766
4472
8359
5969
1601
2870
8152
9150
1819
2756
9996
8509
3208
703
6134
1017
6137
8595
649
4119
6811
5798
8141
7022
3276
1588
1141
8712
2907
9804
1966
7097
2256
4216
2202
1728
7660
5074
3534
8956
9633
9590
2313
3232
8997
851
6678
458
7764
2214
4323
1105
8724
3528
5539
3933
9693
2230
7649
795
6808
6114
4231
4593
5606
536
5853
5167
4453
532
7429
1351
8687
6754
7031
1822
1043
6341
8233
6195
9752
8076
5121
3455
4335
787
1406
7662
4073
4358
2947
7213
7737
7851
2198
1172
5899
688
648
6007
7620
8194
3317
2391
3468
5136
9055
7758
7722
9167
9174
4059
7262
3359
6939
442
4021
174
4437
312
4904
2396
2580
2918
5190
9807
5843
9563
5908
4536
3043
3071
2274
1541
646
9157
6464
6536
2873
233
6256
9688
6614
3675
2381
4454
3257
5978
8701
8819
369
1172
371
1056
5513
5804
3048
5142
9416
3518
9803
2232
4614
5360
2374
6885
368
9753
1555
1970
3629
310
8879
3864
3633
2922
9662
6969
978
1382
2607
4985
5370
7161
49
7659
7533
2874
198
2617
364
5044
4215
4840
3752
9281
2425
1675
2170
538
9550
4438
6051
926
1134
7718
7583
3473
5048
2960
6592
5382
3284
9768
2648
9617
1515
2579
5079
8534
1609
5518
3174
2710
9937
8176
5042
347
241
7885
1709
1665
3720
7853
2754
7960
1878
108
4552
2487
1411
9235
8937
1348
6050
4328
5843
1969
5431
9873
6942
1833
7255
1039
5535
3339
4687
4504
2652
9781
6952
5861
1681
1542
5961
877
8707
9165
3278
1025
9363
3685
6855
747
4742
7285
2308
5425
5634
3139
3231
4510
7035
4762
8730
3666
6639
9244
5884
9768
334
7913
1462
1545
750
5135
6170
1392
3998
2468
814
9453
8346
9043
5341
7198
5854
8612
6767
9883
4207
5839
7739
1744
1622
2881
5402
721
9950
2064
5101
4665
2496
9708
8753
8179
3548
2903
98
3724
9371
2134
4974
3817
3795
1560
8828
7509
6475
2615
1917
5662
6944
3804
3169
7745
4855
232
4413
5122
2131
1696
3612
3569
1433
312
4355
4601
4514
6324
8729
5883
9618
907
7863
4299
2279
797
5132
9817
8691
2294
6325
5250
733
9027
1739
7896
6005
2725
4525
5391
4119
6292
2384
2841
3490
2277
7107
8021
8522
671
7208
628
2954
7866
6592
9452
6334
3497
70
3168
6943
6986
9103
9503
6736
4524
4288
9564
3930
2608
2273
111
5587
7795
8241
8058
1203
26
6394
174
1946
2239
7606
9934
7180
2268
7122
660
9999
4037
849
1364
791
6203
9908
2110
2080
9870
4121
3799
8140
6146
9202
698
2172
6405
1544
8474
3924
5392
4911
6700
2667
5581
1691
9459
7984
776
7651
4908
6052
6744
1605
187
2147
1328
1707
2357
9860
7361
8701
6400
500
7635
1239
6936
1021
6115
2972
2563
8893
2079
8666
4999
7300
6272
5392
4074
3406
9159
765
6474
8771
6971
3403
3567
811
9458
3549
4062
7445
5854
5188
4079
7993
2618
2088
5905
3549
9173
6741
3548
5702
9502
1444
9143
1199
913
1563
635
9374
6128
1288
776
8405
9398
2538
2950
4470
1256
2256
7711
6475
2461
4903
8300
7189
7439
461
285
7139
4386
155
5564
1830
3413
5875
2196
6754
2663
5527
9678
1400
5036
122
7756
2241
1424
1162
698
7629
3099
7966
8322
6254
853
8860
1439
846
9692
9455
8356
7912
3283
8519
4733
9878
2509
9601
3894
1255
171
1225
6491
2883
3875
1485
1264
8001
1474
1124
6690
2680
466
1358
3741
8661
4655
2238
6160
3006
534
4405
1230
3492
3952
8529
3622
2030
4590
9110
8501
7331
341
603
7274
2344
5276
2904
2443
444
7299
2271
1718
2671
9014
6425
2954
6010
6818
2674
503
1131
4072
9496
83
239
2736
1039
9551
1126
7631
5897
5881
8049
9404
8692
211
3423
9279
6916
2500
7529
6604
4771
8558
1930
9039
3238
9472
2115
1319
1970
2796
7806
9048
3918
1691
3249
9771
2139
7984
9589
7017
3074
1499
7976
3545
1292
5471
2112
3334
4904
3781
4257
6420
6792
3666
3744
5476
6877
2407
5065
390
6085
9511
2430
8846
8482
1199
1889
3450
2076
1905
7733
3
8761
6417
415
3811
5596
6900
2290
9526
1564
5925
8828
2036
3431
1018
8219
3437
1271
2007
8916
54
675
9105
7829
1491
6233
5509
5961
5957
5259
7978
988
1254
1623
6228
176
8435
5723
4795
7423
1818
6601
9708
3713
4227
3943
2734
577
9908
891
3047
3691
9055
1093
4784
9177
5183
1837
8199
7839
4963
5790
2083
4371
2842
1939
7661
6337
4976
2722
6973
8861
9880
8566
7666
7354
5866
7281
5686
3931
6510
7985
5906
9224
8234
9618
7902
1235
9993
2197
7371
7564
7469
4703
9316
6322
1478
9461
7506
5642
9251
4567
9392
3077
6952
3787
6239
2461
2545
3787
5963
3744
5046
881
3789
5777
1151
9922
4561
6651
6170
8601
9499
2215
426
9958
1222
2096
1283
8326
8157
4645
868
8932
2766
4431
4755
7440
1931
4947
879
6272
6099
7834
1954
8452
1041
7887
7925
8142
83
8729
3065
1809
8349
7610
2883
9210
1327
4839
1016
7677
4837
8633
2154
417
7021
1330
1345
6942
1310
4996
4045
7237
2311
4671
5546
5649
998
8826
4165
7341
3466
4820
2975
1430
6059
5531
9376
1507
9608
45
4078
2738
5601
6093
7533
7780
2999
1144
4953
8556
6545
4296
706
580
8336
5080
9847
2432
3668
602
2039
4743
8464
5702
2835
384
364
9267
2696
5593
2490
6635
1276
3742
1339
2554
4150
6711
6291
2519
1219
1858
8170
503
551
7124
8820
9469
2449
378
9124
3958
1970
7269
6972
1733
1454
2133
3528
3610
2196
2677
8380
4809
827
2535
8538
2280
2941
8129
1705
7528
4889
1433
4018
8
7059
157
3165
8902
9423
6070
1964
1144
2638
8766
1174
1162
7816
7919
4487
2088
5483
5358
2133
8191
2818
5976
3750
9967
8634
8811
496
595
6417
3480
7522
3476
1967
7128
1681
9563
410
6637
6229
8678
9284
10
6934
4589
2776
597
1169
6965
1189
5932
7823
2756
7514
6998
1895
2886
1443
7996
370
1264
2595
9207
2176
7539
3571
2411
2202
7219
7993
821
2184
3513
2636
1473
3796
4965
135
8032
5406
2008
6204
8087
8737
2369
9819
1851
5189
1510
2611
7388
1014
8662
5928
5903
2614
333
5654
81
703
5527
2165
9608
9531
6872
9981
2252
8824
8668
28
1399
9094
9722
6742
3512
1842
478
9276
1790
1448
7816
2704
4547
5796
5343
2487
1399
7994
5961
3024
5599
680
6031
4789
61
9736
1485
1328
2210
9994
6120
8304
5186
6961
8579
1739
9751
1628
5651
2838
9688
9624
9746
2242
5034
2837
673
9593
1303
8614
5569
1515
6895
9309
7091
5138
5325
9862
6046
8780
1532
4498
1170
7146
4425
6567
4091
1156
2346
726
7112
2096
6191
7662
9516
8307
3032
6703
4677
5366
5608
4833
3499
748
8824
2982
7723
7124
6319
8109
757
4394
6705
4280
7250
1683
229
1072
4970
1513
2699
6520
901
6051
9725
176
5312
1768
7958
2875
9731
3637
3777
7075
5600
1374
403
7307
9294
4834
1739
4436
88
6786
4537
2196
2912
4450
1485
3701
4199
4817
7441
2842
3713
8342
330
6311
6820
6220
7850
9889
562
111
4122
4132
6456
2295
3111
7108
1062
4228
4666
2709
6175
8363
7068
3087
4595
4320
393
8812
732
9636
133
5508
4597
18
284
3580
8002
4580
5982
8890
2555
667
5499
396
4923
671
7052
889
1865
8676
419
1319
3732
4253
6035
1007
8324
5877
5234
2527
7791
28
8493
1246
4953
3998
3485
2325
480
5259
7018
1308
7911
290
77
2019
5824
223
7562
4674
8432
6183
7630
2562
7902
8914
4565
6462
779
5576
9295
2100
4569
3838
7171
4305
6837
6147
1605
2956
1223
455
5316
2257
6716
6908
7799
4593
2721
8463
4138
2631
2610
2168
1011
494
868
2287
2714
1938
5456
4514
4712
389
8993
9941
511
9843
9121
1433
1322
4247
2094
3392
2166
3295
9715
320
7458
5470
676
86
435
913
8601
9453
3051
308
783
8111
5771
837
2043
1194
1398
7544
497
2695
7016
5005
4100
7767
6470
5040
4767
5551
5784
7968
1699
4966
5621
7602
722
7421
5341
422
5723
2734
5085
7258
1767
5607
7647
1309
1508
1529
2576
9319
15
8556
7654
3384
887
2166
3121
7006
6880
9436
1312
9034
3654
5463
2168
2309
3698
2747
9137
207
3953
1348
690
4969
4979
6098
1950
724
1010
8839
7550
4297
4452
6701
4785
554
2018
9053
7889
185
2042
1342
3592
5703
610
8299
291
5439
8110
2137
6262
9605
7315
343
7824
1593
4781
8086
9216
129
7294
2779
3400
9430
4984
4562
466
8541
1309
261
9008
1912
3669
8590
1623
862
5488
137
959
9513
9500
2686
3620
558
3257
3870
3921
9187
2571
2171
9678
2556
9456
1485
7751
6198
8755
1666
912
5815
1536
7798
4181
7893
5609
6755
1334
7687
1864
2282
6755
6041
2149
5283
5044
836
8811
7954
797
1565
2950
7210
496
7485
4480
9430
4307
9985
4413
7494
339
2834
2291
7
8265
3895
3213
2438
8348
4730
2898
7910
9735
7673
3537
6304
1293
3582
8896
1562
9738
9217
2022
4779
220
3612
4470
4030
82
7935
6573
5317
3283
3733
1053
8176
2819
1286
3339
6030
2449
831
4101
372
3572
2655
952
5916
7287
9460
785
8303
3650
7157
4627
1317
5404
1617
3881
4572
9870
1096
4124
4968
5049
167
4887
1002
3787
1498
4345
6180
3118
206
1642
428
2481
6533
4882
8079
411
7277
9638
3656
8749
3235
7109
449
5687
324
5058
4985
4542
7812
7458
1766
5100
9170
1513
3517
2121
1564
7792
2560
9529
127
1274
7943
8454
3218
86
2242
6672
3363
199
6046
3489
3666
7315
662
1477
1613
2697
9372
2746
2027
7399
2056
4293
8061
1003
9232
7622
6882
2280
8633
9484
3242
6634
5725
2332
6685
1758
1645
78
493
7868
3001
7944
4729
9062
4861
1807
2740
6614
6478
9211
517
4579
5974
5947
5072
8548
5228
2329
7381
2376
6120
3247
9719
3717
8453
2730
6512
7664
552
493
659
7628
9456
9961
8306
7670
3582
5404
8481
8977
9687
9208
5659
2829
9143
310
419
1694
7064
9898
1358
4154
532
3545
639
6402
8216
8808
2338
3236
4249
8550
6765
2353
523
701
9108
7195
7312
693
4525
2609
7022
1322
9891
7486
6516
4558
766
5871
6637
8994
9939
6884
102
1730
7368
8152
1741
8574
2171
3716
6283
7968
9235
7265
3188
1867
4679
429
331
7488
1310
7152
3915
7447
1255
8159
5764
28
7530
1632
3251
9896
9853
9647
5157
8850
3884
3088
5933
5045
6851
4775
6756
468
2174
5477
1840
1243
5395
1667
713
8071
2958
5668
5975
7257
7853
4885
1120
519
7501
9113
6385
2356
5125
4723
1514
5650
4449
4914
9567
7316
4514
1892
1261
6392
1668
9684
5514
7157
7232
9478
2015
8882
5571
8038
682
3735
8927
4747
7839
3992
528
6337
160
511
914
5895
6013
7033
9777
5222
6061
7796
4432
980
1949
1318
7486
3240
648
8482
6230
94
4360
6055
4471
4797
7387
5946
5475
792
3898
2565
4603
1986
567
736
9675
2917
3749
4831
4258
724
9004
6668
5941
9455
924
2214
1381
1847
8322
4633
4030
9555
6121
2656
5888
6067
8387
3497
5171
339
9369
3592
9703
6018
3775
1023
2234
5347
6378
3341
4270
483
3862
196
1210
1773
5156
5743
1551
3562
7025
3875
7870
2637
3933
3141
6344
2622
7850
6540
214
3909
7043
281
5018
4586
591
4373
3942
410
3814
1017
2636
8685
6275
5188
2469
2821
4331
5496
950
4329
9885
9478
5055
7316
986
9964
7734
2055
119
5772
5636
6294
6272
6606
8958
6194
6464
7097
6823
9602
6990
7710
6931
1864
6522
8997
5855
1761
9161
9228
7904
2444
7437
796
5722
1375
8728
1439
2242
2614
8642
736
7605
1022
4665
2401
3609
8930
4249
8819
7429
8691
7869
8497
2877
9981
6756
7822
2033
6487
4151
9920
1031
1323
4858
493
8373
263
6864
1109
2963
435
9812
3216
6817
3124
854
9962
3045
1537
4211
2475
5144
9412
6665
2620
3713
9811
2072
103
7265
6400
4828
6414
2625
9501
4731
9007
8809
9236
1658
6679
4979
2934
1893
9380
5104
834
1726
5743
3321
5112
1254
1546
488
9471
154
3478
6359
484
6671
3129
649
6868
2209
5550
6968
635
1513
2860
8431
9518
4861
2780
7049
9254
556
7637
1594
9422
730
8666
1405
3103
2153
5591
5741
842
601
2472
6951
4550
2161
7499
6880
4762
9406
2790
9251
6269
2603
9116
7006
8300
4786
972
5454
9821
3346
2474
1015
7361
9570
9042
9016
6846
6628
6411
7087
4238
6830
1321
841
4146
3093
1589
3485
8460
6714
8832
9418
4763
4506
5381
1597
2584
2465
2511
4616
5713
3518
1692
6463
163
8205
9648
8788
2797
3505
188
774
1875
384
5281
2598
6528
356
7088
826
5072
3758
2995
3861
5133
1134
8113
2102
4264
8256
46
3712
3130
665
865
5562
9308
3155
4651
872
9764
7318
8116
5882
4704
4903
5464
468
4072
7781
1762
9326
447
1185
7064
8188
8746
9342
6007
6784
581
778
1456
8366
626
1787
4419
4305
5011
6429
683
1868
1674
6171
4699
1556
6879
1213
5447
4684
1506
8305
5622
545
6401
7900
2518
7223
4860
2322
6608
3971
9207
6901
8781
3419
1872
6827
1786
4282
6225
3827
8536
6521
7576
1113
4984
8074
2358
5000
2965
230
4213
7807
5825
571
4558
6599
9461
9470
2313
676
771
359
6549
4522
5454
2925
5659
2065
1245
4383
3406
4940
5931
2629
1638
599
2867
3014
1070
4672
986
7467
4394
4040
6237
9396
6973
5465
3229
953
5066
7945
4360
4404
3289
864
138
4621
5900
6727
6084
4630
8514
2081
283
8905
3148
4958
7252
9550
8911
9662
5567
4273
7673
2163
5105
8772
9975
9242
3319
3073
502
9548
4855
4002
8841
335
5657
3764
1627
1906
8439
9577
2245
4122
3169
3277
3746
4694
355
924
3280
3193
3531
4978
3722
1977
8454
1587
5860
932
6154
284
55
3
1977
6041
8590
9441
1764
3753
6992
8877
8222
4910
1263
3725
5859
122
2959
9414
3241
4279
5851
9514
326
357
8405
3458
82
6329
1196
4556
5086
5187
3043
5078
9829
1313
4960
172
2370
2739
5730
8014
1426
3615
6503
9045
6555
5798
2668
1671
9214
5750
1494
1129
1097
3169
1633
2917
9871
3246
8519
5165
3164
2367
6675
1342
9220
5139
3575
8312
3851
5324
2235
2637
1819
9811
4870
9256
385
3114
9873
5888
7656
5379
2122
4333
3451
2624
6743
5147
3781
2027
1869
1596
4827
2854
7743
8307
8108
3973
1562
670
9512
5323
6017
707
9247
4914
7540
7327
6635
6863
6694
3898
6801
3269
79
911
852
7145
9423
1275
2779
8582
4021
948
9747
9666
3695
124
6695
7104
4787
9541
4048
5768
6173
9288
4104
3172
1657
4481
4291
2748
371
4941
4352
2356
4749
4742
4764
1604
2177
2606
6681
8264
2024
1339
6221
2265
4331
1122
1261
8349
616
3783
4619
6138
6918
1155
7325
4433
3100
8503
4801
3992
496
2896
2398
8408
1484
6891
8044
7321
6469
2315
311
8186
3358
9145
7776
9333
9034
4732
1396
8194
7922
505
5313
5131
3126
956
5927
6913
4791
2664
5467
4733
7316
3515
802
2793
7139
518
475
3136
5043
6523
7342
6594
2543
4535
9332
3229
7845
1795
4470
8889
1544
3381
7147
658
2020
7981
4700
588
7312
1261
1595
1090
5128
5495
4436
9711
7307
1502
4306
8801
4066
3222
9220
9034
2835
4237
8274
3833
5924
6094
3931
1048
5060
8803
2528
7079
7639
6155
4519
2106
3824
9613
7112
8399
4420
9404
2556
6194
9084
2283
3176
516
2059
5043
708
9417
6225
4930
608
1937
8015
7750
6537
889
6316
6955
1865
739
216
9585
4029
9875
5151
6833
8411
8444
2496
449
6659
2106
8302
6326
421
2001
7126
2026
2643
1718
674
9855
345
7549
9518
7059
6826
7459
9129
1812
1421
1660
6799
4245
728
672
1924
3057
8811
9457
4547
6783
9856
5680
6760
2583
9073
5120
795
1621
8107
8283
1182
6043
114
2661
5416
1724
2645
7102
8820
8374
2692
1851
5091
6287
4351
2407
745
6676
5792
4422
887
2893
4731
9674
532
6565
789
9258
4177
3145
4563
5983
8717
6015
2245
8481
5815
4089
5155
7298
2210
4362
1334
9768
2382
6504
9018
9217
4180
4338
9298
3
6946
6212
1021
5218
4424
2041
2456
7477
738
6097
4484
2826
215
6083
1529
7129
1473
1140
1595
5591
9326
9592
2700
5852
1078
7560
1090
4679
9070
2021
666
4848
7741
6044
7933
9038
1981
1035
658
9290
4596
4610
3653
6884
9651
3582
1383
8245
2735
34
1445
2357
7230
6599
3533
4221
1476
5062
5774
9663
8223
1187
8159
8517
8944
1868
3523
696
1019
7665
7836
6194
2224
231
1166
4597
4203
4104
4917
2381
2296
4270
8569
804
8956
4480
5809
981
8992
955
3286
5107
1487
4324
5274
8090
1346
5037
6392
7046
7018
470
1661
6131
2446
3606
6663
6933
5317
9802
7709
4842
742
5822
9072
2508
9038
586
129
8682
8626
5662
5459
314
9141
2177
4129
1560
2557
4310
8451
3314
801
2848
9501
1799
1973
8328
3097
5997
410
5548
6727
1842
6543
3002
2369
6341
5213
3294
9556
6326
497
3176
6364
7419
5739
4817
9310
1669
3607
5855
2156
3091
857
920
7349
1269
9871
5396
3963
3955
1170
5541
8633
9886
524
4299
9493
6775
7792
9235
1314
432
8151
3200
8921
8624
7335
7805
6793
7611
5113
7714
3276
1728
9946
7365
3660
5668
322
2146
8838
8576
5252
9470
7021
8087
325
5609
946
3883
1985
1602
7860
2896
1946
4543
3826
4496
5954
2189
7784
5024
5579
8101
8122
8483
2332
352
6586
1502
2631
4396
5072
4924
1817
815
9643
8611
2546
1931
8851
567
5574
1843
7504
3133
4595
6189
624
5667
5124
3880
2117
8766
5861
2640
6318
9907
8247
4608
2904
5562
1222
4295
6099
1968
5994
1311
9481
4540
603
3978
333
7029
6776
2429
1025
7009
9466
8993
6634
5601
9876
5975
4856
2907
1934
3292
800
8152
2195
350
7388
5552
5639
1406
3127
3202
7181
9254
5377
8169
7495
1565
4138
7371
8079
4088
1660
9603
5046
3988
9721
3362
8444
8129
2455
7969
4895
497
2281
8202
9111
1585
3441
8392
545
5463
3442
492
3514
2893
4171
1010
2415
1917
8480
2995
707
4110
5739
9675
9409
6845
1060
846
3330
3791
1068
9223
960
1030
3088
641
6508
3346
6924
218
190
842
4878
2997
1867
2572
1325
1022
8603
6897
5962
5363
4620
5268
3125
737
1281
7877
5139
2781
1311
4664
3774
85
1465
4611
7790
6118
2330
1689
5095
9150
2244
3792
5811
1012
614
6890
7537
919
2723
8546
4189
9845
1281
4133
9539
2750
6207
4803
9758
9495
2363
709
582
1491
98
66
7034
879
6025
925
441
4220
8428
737
3463
7667
1333
9936
2126
4324
1023
8008
4083
800
891
8295
3163
9352
387
9984
494
1381
2429
8446
8427
8057
5667
6393
4780
6773
8545
1927
4074
9213
3886
9972
7300
617
5406
2357
6877
6845
2102
2138
9876
2028
2386
3602
6343
8936
5141
419
1770
4429
31
7114
1173
3615
4867
0
2764
176
2345
8286
2339
4359
8881
2738
5633
1422
7418
5826
3268
538
754
4128
9110
9088
6206
2463
1119
3574
4140
6053
5786
7464
1351
8050
9612
3981
3979
9168
4339
1369
314
5691
203
9107
7727
9378
87
6170
688
7503
1406
2211
281
7347
7107
3142
1527
2774
6457
91
6177
3166
5287
2143
9614
2541
4233
8651
9939
2352
2328
694
7916
9781
7867
9354
3694
413
7293
4853
2810
1107
6624
6817
180
2571
8034
3717
9028
3454
8255
8989
5164
981
9096
5720
4012
1204
2451
3569
9267
7113
1171
8561
1047
2757
9689
210
1335
8235
5499
1991
7342
1382
8420
6826
2298
2448
1068
406
2590
9984
3801
9990
7365
595
3813
5517
2473
2910
3075
2200
6371
3955
5853
3744
7107
5075
4191
8773
1394
5411
5193
7704
2117
8561
3217
5623
837
9801
1463
2863
5901
563
1149
6492
9700
511
7655
7221
4428
2020
143
1686
8010
5253
1901
2317
7767
3750
2357
3049
4198
6381
8480
7712
5399
6668
4367
4113
7883
2094
557
1881
3081
2720
8677
2185
3137
6642
8309
3815
3583
2222
9089
84
6065
3560
5387
1487
7900
8518
6561
5800
9661
5762
2471
567
5260
3518
2151
4110
5109
8664
1926
2780
2522
6702
8297
6132
7603
9539
2311
6653
4072
2691
5041
8507
304
3299
5695
5758
6651
8444
1645
6233
1117
42
7590
4886
5739
5184
9312
6648
2075
1791
761
2016
4119
2086
5007
7685
4307
4395
2278
7150
4304
9163
53
3441
79
6303
1058
5234
9130
5312
9376
2772
4255
8652
3110
7651
9614
8761
4450
4741
8997
5626
7262
6110
970
1168
1809
1571
649
3810
3065
2322
6959
7328
3111
6128
5398
1812
9179
2850
4721
234
5683
3057
4347
4593
3310
5911
1163
2370
4166
7855
7371
8961
477
4412
3209
5571
326
5576
5309
7791
1144
4785
5148
7735
127
9791
3085
8169
2147
7144
8778
7040
653
8407
89
9345
5783
2315
7867
5155
9219
1900
4884
7998
7231
1876
6941
2407
183
2859
5927
987
7995
4451
1793
891
6707
5797
3387
9430
4289
9484
5387
6125
2374
2128
4224
3491
1431
9574
9782
7283
4529
7542
8809
6343
7659
3516
7006
7046
4091
4100
6958
9917
3947
9600
7476
3857
2621
268
3369
8756
1549
1300
5677
6135
4790
6740
2921
5023
4472
8767
1859
9947
7481
6356
4306
5012
2441
2718
6979
4181
2762
3659
7979
1278
4335
8576
2590
4724
1796
1307
751
9483
4879
9625
1208
9510
7078
1209
1933
6574
9665
1040
1628
2594
4081
1902
6119
4126
8337
161
7478
1231
1068
7880
918
1941
6112
8091
6263
9834
6161
698
5605
9586
8544
7091
580
6948
9805
6488
7666
952
2315
368
7047
4001
8340
4188
6880
3981
9884
4893
9549
4938
8042
4020
1127
2347
5700
2154
822
3787
731
6673
354
8914
2887
9162
2825
166
3236
7209
6112
5604
6573
9094
349
2895
119
7974
4340
5048
7698
1561
1281
1998
5179
6853
774
4184
3909
3139
5637
3281
1290
9448
8080
7490
8797
8599
9550
1911
7329
9988
5617
7083
8831
4092
2502
7333
52
6164
1373
6903
2937
6575
3962
1204
8135
7604
9914
2707
9323
3487
3274
2193
9478
5687
1445
2747
4936
9296
2796
8716
3438
5122
5179
7652
7098
6137
5978
858
1858
1950
5969
6531
7307
5782
3151
4068
9495
8410
957
6116
5532
4007
574
6501
9400
4038
8234
3989
8818
7983
3339
2608
5379
425
8919
8680
7156
533
9216
3575
7257
6668
2937
8324
8591
4022
5914
8661
8770
1693
4197
1716
514
33
3113
4901
4855
9597
1351
7927
2963
8682
1763
4937
1126
9091
7773
8942
5336
952
9393
8308
6594
3639
6044
4082
2350
39
9745
1312
5168
8023
9515
2523
21
807
5203
2649
3804
1141
1587
8681
1505
3787
3548
7007
8353
7366
3333
7391
4043
3898
726
7208
5444
8165
340
7476
7454
9873
1949
6604
4826
2718
214
656
4811
96
9891
488
1133
4964
9320
5013
822
8520
6749
9451
8892
6876
2311
4851
3463
1476
629
7916
776
9231
1527
2354
8857
5165
5798
5682
5271
4780
3648
5644
7262
2803
4499
8490
5892
8275
2812
320
3369
939
5392
1157
1501
6764
6538
6785
2627
316
8022
1863
6484
5038
430
4437
9287
385
3300
713
9263
7960
591
1655
7526
1130
2313
9448
2361
267
5448
5413
451
4699
6699
4804
174
9853
7432
8834
2807
955
3331
8738
1698
5768
2993
9621
4783
8374
5198
6586
955
9689
1404
264
9065
108
2590
9946
3442
9346
2964
1274
2843
752
7703
5793
4758
953
4295
1277
9660
1226
178
2020
1402
8055
7512
5673
4697
3733
6509
7517
6962
3849
1567
7687
5889
8673
4393
359
7273
370
6216
2455
5705
1186
8635
8851
7566
8551
4320
3499
8313
7327
1996
8982
5810
2209
7403
537
8925
7732
5450
3209
2524
1839
7216
317
8085
4753
7220
6552
3382
1874
3947
4757
6438
8153
1233
6963
605
3119
4282
3363
8278
2755
5417
6848
2068
3296
1201
1263
676
3405
7274
2695
882
435
8535
9186
3518
180
2069
948
991
2681
7254
316
1288
3869
5967
4136
7275
4345
6079
7838
1308
6607
5809
4937
5943
2827
2563
609
6469
454
440
4958
6666
6701
1899
1661
6130
6850
6982
1460
718
2529
9585
8675
7049
8918
4814
2635
673
5597
9493
5764
8002
6346
44
8058
1204
1530
265
7671
3368
7577
4907
5543
8670
8613
7734
6359
7644
9491
429
9791
3946
7601
2276
6786
1057
6716
8486
1284
6357
4995
9429
8924
6736
3963
9265
4810
3010
9349
8203
4490
8982
4605
4906
1017
918
6131
9886
8231
3089
5663
2386
1438
2380
6065
9015
9011
3959
743
6431
4394
1281
1571
7607
974
1967
5356
5049
2050
6217
7140
9857
7745
4229
9737
7870
1741
3289
8432
1787
9638
6347
5759
7103
4617
1259
2537
1378
8811
9715
80
9601
70
6557
1877
1939
2980
3158
948
6013
7657
2610
3279
2130
3222
6112
167
2735
794
6431
1138
1991
7580
3537
1305
2027
9639
6143
6385
6060
2597
61
2173
7683
4671
5760
6146
7153
6179
4157
6763
6738
3304
5363
2590
5976
2414
9404
2526
2709
7817
9616
6322
6937
9232
9627
2822
4413
9537
6128
5121
6574
4183
5582
6231
9102
1118
2162
8288
3096
8150
1052
7193
6083
8918
2886
6345
8537
8691
2195
7974
4200
6242
9045
8041
5416
6410
7362
271
9182
8366
6167
3777
9856
3721
1869
8135
3786
7818
427
9737
273
9411
476
3926
3335
5452
7747
5032
1006
7293
3116
503
7887
2220
613
9565
8573
2804
8333
5370
5526
6743
3675
1066
5194
7076
6130
5523
399
4204
2148
2835
6004
2354
3444
4250
357
4882
6673
5587
7998
6404
9648
9705
420
8464
9912
7848
5440
5043
6372
977
9677
771
228
2146
4228
1984
7814
7173
6341
6268
4148
1912
5497
2316
445
8285
6678
5743
1624
9699
3715
6078
1509
772
9949
1477
1159
1824
169
8866
6928
4475
2762
347
7099
6930
6485
8052
2448
1924
515
2721
9107
3278
1848
3737
814
4519
8866
6524
416
7198
243
3782
38
8960
6131
7716
6569
9647
9263
182
3224
4383
1254
3622
2487
9011
1078
601
1640
4215
563
1603
4937
4159
7736
1232
4431
5968
9457
5040
1634
5437
9255
1618
8808
5126
7357
8500
6982
3148
4348
6778
9028
2055
2058
2541
8753
1195
544
4054
2007
8552
5627
6444
3711
3762
3730
8522
1720
6785
5258
132
4181
8217
311
6331
5781
188
7989
5102
5703
1678
4934
9380
6956
8906
812
72
719
5508
1464
7476
9011
7806
820
1793
7197
3278
5519
2270
1954
1184
6279
6127
497
5784
859
4840
8388
6203
6657
5354
195
9967
118
5052
1865
9184
7428
206
7371
5956
3849
107
5895
4913
5526
3229
1321
4813
8372
3781
3876
6215
6798
1146
1647
7604
699
8705
8445
6988
730
5343
7618
3030
9652
9340
226
8273
556
2424
1852
4693
7290
5826
9208
5641
2328
2886
1709
2454
988
8998
614
4524
9832
4333
8390
9588
6446
4128
7241
261
9080
4950
9292
6795
2871
8585
6288
3317
4810
2765
9771
4158
9266
5921
8816
1358
851
5620
5376
5041
8878
8506
5841
1593
7133
8623
5646
9632
3677
1947
447
1040
1011
2310
6234
1942
4233
381
4842
5364
1848
1062
895
470
9610
785
2358
3496
6688
2848
4571
6790
2673
3064
5468
2964
1956
2440
8031
4847
2016
410
8743
2708
8402
9352
3619
2831
3312
3120
9528
2758
9292
9867
4688
663
3274
6522
9090
4623
4165
4242
5700
2205
6430
5306
2559
5319
3527
770
7090
3259
1743
2406
6122
5944
3567
3491
9088
270
341
6442
6226
9443
7966
5523
4775
4824
330
8339
509
9068
9114
3265
2102
9471
8253
5269
6883
9865
8108
1314
1294
3179
9954
3766
7118
9798
3088
8704
1671
2588
9600
3553
9665
2196
8504
934
4475
1185
8737
8853
6958
5061
8873
1637
1270
3218
6902
7635
2591
8945
2396
3875
6044
8295
9936
6660
5118
6149
2286
9990
2866
6255
8792
608
7884
3391
4736
1725
1268
9962
3273
855
6558
899
3976
9336
398
63
720
7260
1611
9433
127
971
6435
2583
9027
3429
8511
6941
2449
5070
5561
2496
7975
5629
9467
5469
4768
7312
2330
5051
2136
3474
3507
4943
2001
2896
9141
5839
1477
872
6415
2104
8236
6146
1723
8163
7985
3827
1771
2486
1904
6528
5107
1752
6787
6817
775
3703
2670
3670
1766
7869
343
1550
9783
1151
3722
9877
3011
7288
523
2605
2788
5030
701
6737
8092
4676
1619
9478
7145
3160
4949
4131
1016
2605
8293
1475
4247
1731
4019
9496
3375
7974
798
4562
674
1853
6955
3328
5521
8675
8795
1238
9825
9115
7464
3872
1423
2672
3696
2182
5730
2171
1846
6976
2496
9465
2373
2620
8403
3259
3126
45
9581
2447
7060
1094
314
1135
2718
2856
1574
7945
7885
185
7167
863
7206
4166
1755
7456
9266
5609
6397
8327
4364
2414
2916
6578
9563
2371
4004
4822
5809
6062
809
2048
9507
9908
2313
2527
6298
3558
3002
2257
7272
5806
532
9611
7343
5260
1592
8013
4031
6378
1330
3268
1311
6054
2570
1250
9982
257
6193
1323
3850
7619
6106
6754
3633
7169
7431
8548
6182
7090
4102
7986
3254
3567
651
7525
9563
1353
2063
5309
8817
7439
3257
1467
1927
2831
4221
4463
1640
7677
2354
2196
3306
4739
6985
5755
2823
6456
5898
86
667
3363
7793
726
2781
6337
7097
2374
1522
9366
9527
3994
9565
1921
987
2994
9723
402
2018
883
431
1744
5952
5240
6201
9542
9116
1925
5581
447
6796
6396
8481
546
2227
9748
2390
1631
9992
4759
2379
5546
4504
698
1806
5895
1103
754
4181
215
7043
7157
9068
8674
994
6623
6063
4102
7869
5654
2763
1998
9748
4032
9856
598
6948
9076
9273
9902
7231
5342
7263
1630
4443
1271
4491
9001
3501
4948
1819
1973
5607
1917
8151
9322
7568
9809
5156
2584
5539
5480
344
1374
4923
2377
2063
2040
3965
9182
206
713
5558
389
8342
378
951
775
619
3825
4158
6910
9590
1941
2647
7475
6167
1952
6306
1094
7247
4647
5815
226
9421
711
1335
1951
40
576
9445
4218
9852
8262
2262
1762
984
8341
868
5188
9383
7589
6825
810
1486
4638
2794
5359
3958
7774
5617
2374
4841
5432
384
4092
3443
5088
7475
7802
8529
4005
6485
3088
2461
6925
9638
4159
9293
3095
2427
773
6792
7693
8566
8110
4698
5609
7608
6313
4714
1561
9988
1145
1946
2182
6790
8797
6511
5921
8980
3347
8243
1151
5108
1144
8471
8487
1598
2338
4412
473
787
9170
1203
7874
9758
1412
3459
5885
1113
297
2284
6572
9988
2199
3002
4855
578
2511
2316
340
964
4832
5861
3559
5034
186
6835
3836
2598
6661
3454
7331
8036
2307
7171
7579
1320
611
7970
8595
3190
6487
7332
9629
8423
1465
7793
7203
3146
9849
9665
1806
154
1338
7873
2101
143
1230
5465
6803
2103
319
9499
4317
8726
256
526
5362
4716
3971
4397
6819
1718
7740
1178
3268
9719
4933
998
4004
1129
4643
2485
3962
1054
4778
8429
3136
1244
7277
1856
5861
1193
2104
7131
333
8802
609
3294
9948
258
9820
5948
2964
8738
8894
7493
1898
6076
5892
9875
8287
8084
2710
2593
3390
8713
2662
8723
6817
1608
7773
322
8585
5954
872
7974
5310
1135
7406
4313
1939
3267
9318
1801
4926
448
4006
7838
4567
236
1535
6574
9646
1733
3544
4157
242
4258
9799
5913
1552
5899
5847
6901
8264
8556
3847
1315
198
1062
5599
7544
4879
5142
1993
7099
4394
2746
3581
3358
498
3793
9116
8592
3161
3955
5858
929
7615
9361
4902
4200
2307
1246
9380
3378
58
1710
5549
3484
2510
846
4893
7602
8648
596
4669
4025
1312
8456
105
314
788
579
421
1088
472
4630
7580
85
6013
3471
1210
5447
6773
3400
9930
3265
998
4208
6098
2311
2477
1375
6974
8689
8836
2116
9770
732
9415
7328
6980
8397
3940
8808
6673
6264
3170
9495
5855
8384
7811
419
330
4096
1964
3345
3811
1353
8292
9851
3982
8829
4123
8769
4443
123
142
5502
8088
4108
696
3276
5125
8574
5867
6170
8087
2286
479
9517
7041
475
26
741
3936
2249
385
8994
1014
3092
6557
1286
4985
8341
2498
3309
1885
9114
1900
2634
4943
2544
3707
5443
6371
5236
4352
1969
8785
6059
6040
4288
3947
7823
2617
9358
9299
1819
5563
9650
7979
1816
2281
8938
7724
4889
6439
4970
330
2451
9159
401
4024
402
9719
4366
7304
5128
124
6051
7414
1527
2821
1401
8598
8081
4649
6197
3755
7918
4819
4313
3129
446
2127
6541
1949
1247
277
656
2796
7585
3302
74
7385
9080
6564
4740
8187
114
3015
3274
990
298
7581
4303
9465
5724
5361
7266
5776
7162
3728
4448
4106
4254
7400
1145
1942
8929
7666
8664
8745
1547
5889
2397
8843
3179
3099
6493
8500
9946
264
109
2129
3788
2569
4442
4235
3111
8634
9117
1130
4902
1659
2909
7765
1936
8507
342
349
3717
2214
2520
6859
6488
354
4195
6119
1571
3668
8178
6939
1192
9288
805
3511
9380
1056
1891
5350
4953
220
8847
8417
764
9003
9483
1874
9003
4337
570
2652
7363
4090
7147
2265
2449
3071
8371
4228
6328
1942
3577
1416
1075
9374
2920
648
5963
7339
9185
3393
1083
1582
2399
1837
338
8873
3647
1721
8856
7346
7743
7161
357
7254
9926
9307
1823
2288
5605
3785
6562
1546
637
1827
9172
1683
1792
1884
5625
2273
252
6468
1989
7753
7958
8422
7953
9245
1811
3506
16
5701
9389
5022
4689
3921
6867
1545
4887
8126
9890
1008
4584
967
1459
3444
2947
5854
4373
3931
262
9435
7021
3591
9439
2244
5322
8036
9441
5278
7310
949
6121
9443
3578
210
1089
4564
1977
1755
1508
3648
1297
2176
9747
8646
5077
7363
2216
5096
9854
3566
4970
8961
7274
8530
4160
2136
9301
8911
6601
4229
408
5915
3163
483
1696
7837
4555
6214
5121
9161
6668
6560
4906
6401
1835
6815
5754
57
6379
5560
6275
395
3580
9242
8494
5965
6466
220
783
3808
1043
6073
5530
5018
2256
6446
134
2006
3288
1392
6930
2203
8777
9203
4645
8394
440
1497
9146
2748
1027
5271
9452
9628
1430
2463
622
864
6251
1161
3967
9389
9269
7347
2331
4091
2398
1291
9669
3495
9759
6410
1124
1305
7521
5795
2219
8469
5586
4204
2302
341
8570
9661
1282
6535
8126
9063
7764
803
4068
4263
829
4080
360
2842
9092
2647
9406
9155
548
375
2410
5835
6655
5035
8781
728
2643
7001
4336
3009
3037
2493
3766
4337
4204
4758
6477
507
951
9182
2821
1773
6657
7439
9364
8375
3787
2180
5289
1581
4635
3550
8415
795
2172
2249
5252
8570
1478
7198
9723
4240
5023
2538
4800
1244
1202
5231
794
9282
2607
2009
3301
9507
2819
4628
4528
786
6858
636
8868
1986
1570
2293
1991
676
2178
5484
7520
2991
5899
7869
3516
5248
4397
3030
6671
805
8573
7260
4127
1669
5925
5581
5886
1763
1228
5334
3910
7938
7368
7941
1322
1194
1538
402
3322
347
1945
954
4055
2306
9786
652
1752
4410
1454
8504
2269
7013
5924
211
3794
2203
9952
9872
8838
9170
1572
380
8764
8719
9614
7705
17
204
3570
5582
5792
4011
2602
5164
2915
537
1403
20
3674
1126
6186
4407
9600
6804
3407
1822
3084
3677
664
8540
2774
5307
9617
656
9083
3042
6515
5519
3603
1889
1707
2833
2592
1353
3276
9995
7273
5276
9559
3277
2793
5819
5514
3709
1794
4521
7254
9892
4021
8211
2038
2759
8966
5620
4445
2649
9131
4611
8991
655
4150
3760
8835
2756
2884
5856
8951
2077
8196
2597
5301
6096
1356
9937
3285
289
1560
3612
8706
2285
133
7876
3905
4619
2734
5733
5679
5679
1908
2618
3819
9905
6083
738
2852
6013
1794
9254
9844
7260
9099
2137
6829
1443
348
5953
7507
11
5037
7702
7850
5233
6452
6841
8561
958
8357
375
6256
6362
9149
45
5774
973
6177
7918
7734
1638
5955
7075
330
7839
8517
6483
1816
5120
2257
7363
1420
7955
5176
591
2551
568
1209
1993
2463
5066
8628
4449
6887
5218
8560
8135
5488
8011
9098
6733
767
8725
6271
5872
1713
8094
107
5624
9549
4061
1075
8686
4121
5649
5584
2414
9520
4650
2445
4013
4530
1142
5300
269
4364
63
4883
7454
1593
2691
1860
7095
9785
9204
9613
7685
4994
3216
2646
1427
4324
9732
1225
2699
9937
3837
9455
3484
4941
7743
5864
4605
7842
6442
6938
2016
8791
1545
6063
8522
1346
4829
9368
2483
3163
3370
8823
1113
5332
3151
4491
3162
9286
4732
6941
8737
125
2479
7867
7056
2150
4640
6978
6496
6872
830
7233
4053
817
8680
4316
8421
1698
1761
6110
9321
5358
8814
6547
8549
7583
7058
197
7509
9818
8956
8421
8857
99
7983
4252
2723
6724
8499
7267
670
4090
4458
4992
2609
1633
7781
593
5252
4834
4503
7230
1443
8601
8730
3098
2336
763
5009
5594
5789
5688
670
4602
7211
4974
5974
9932
7485
318
5313
6946
7440
3363
1158
9678
4095
8511
758
1816
914
6024
3287
7456
1782
3972
1909
8596
4147
817
7364
2708
1194
1672
5433
5924
7902
1251
1290
5810
8517
2364
3907
7736
7070
5480
3978
4804
6789
6500
5125
6407
7252
8542
4794
2171
6221
4792
9975
6361
9446
8920
9859
7609
2627
3091
9941
1562
1594
3436
7988
6213
4867
1143
8703
7325
6383
8163
5182
74
9147
6727
1224
9831
981
7052
7686
808
2510
8764
4616
1216
3648
4873
5751
2562
2561
1344
8186
9430
9977
1888
6573
2286
5760
5478
1423
441
5996
6059
714
6472
1498
8096
9465
2448
1531
8680
9845
1759
3041
3064
5888
2258
1497
5402
4742
1110
1947
3912
2528
8942
2992
2199
3995
293
2292
1969
2153
2244
9244
6280
1271
3942
8810
8360
8622
9962
9358
1948
61
4696
3151
6484
1143
9016
8762
9701
217
5759
8074
514
9855
8251
7146
4122
4728
4386
2967
529
3815
2166
8792
7331
1227
6475
1762
7510
7537
8508
8711
5072
4648
2715
7280
5593
8869
8055
6699
1122
3081
291
8406
6950
3728
4245
1660
1568
8618
1068
3695
9917
4928
3910
24
7411
9711
8720
1835
9922
649
2959
2094
5962
829
1263
4507
270
4851
1914
3123
2712
5148
7452
7814
7868
9465
8084
2321
3681
5803
7501
5031
3901
4075
1613
419
8880
6764
7678
1756
2213
2461
2459
8570
3924
3347
8141
9624
3707
471
7400
4107
1679
220
8495
3042
157
755
4127
5935
5461
7330
4891
2165
9562
2674
6451
7409
6563
7176
2698
590
7078
3079
4888
9924
725
5092
9038
993
9641
9946
7288
6747
9391
5775
3639
8244
9552
9655
8240
7566
2677
6231
639
7697
7291
7740
8336
4988
6675
6653
3791
7576
525
8206
9630
4499
5062
6471
1991
5452
2351
325
323
9162
5216
6815
9915
4977
2333
9979
557
6071
4184
1986
3425
8868
792
1889
379
8169
7896
8418
548
3827
9106
3610
6501
8896
9790
6036
163
3409
4965
7022
5057
496
4379
6482
9474
9444
2557
6681
7183
5794
6839
523
888
326
1545
2265
2734
227
3067
6606
448
7863
9918
7891
7892
3506
7461
2627
7369
8217
2852
2751
474
918
4568
2674
2357
5250
5895
311
189
406
8889
5290
7486
6894
2647
2684
4287
5456
1955
7339
3324
8379
6136
8017
9396
6978
2019
5996
8704
635
5763
5822
7062
1620
397
9734
3725
646
259
5951
1457
6300
8278
647
2793
6965
9433
5954
9895
1944
4024
5952
1360
5944
1481
1021
2573
8984
5409
2343
8225
3296
2922
7381
2348
4817
6180
3990
5551
5750
2410
2584
529
6427
2646
4634
1506
178
3320
1556
5918
6036
130
4229
164
5765
216
3997
6023
2987
8198
5388
4036
6240
2402
4171
1525
3750
7620
2682
6006
6394
9651
6489
6759
1996
8258
8347
3441
6974
6266
6264
220
636
9130
3170
2159
3227
9917
5178
1545
708
651
9764
7665
4146
8354
5768
2361
9914
118
570
73
7515
7062
9548
2697
5239
6609
5490
6301
9041
9081
6919
6632
8599
5735
2991
4891
8353
1472
92
749
2122
9959
2085
7455
1871
7170
1811
288
1366
6001
558
7855
8689
8572
936
2399
2179
3356
56
4608
8866
2045
1498
3259
4877
7122
356
3790
3040
9082
2636
137
9302
242
2648
2408
6142
6859
310
7778
1649
7293
5838
7345
2435
8651
3733
4195
7096
1081
6947
3536
7418
2588
2503
4173
7144
7394
1145
9409
2128
1954
1232
8790
8735
5316
3734
1106
8328
435
6568
6038
868
2946
7746
8887
7610
9550
8315
9611
5296
2066
5821
3382
4768
384
6344
7718
2397
7583
454
4652
6792
912
978
6220
1774
3158
9605
22
9973
9764
9794
2246
1847
3305
9603
713
6013
2362
5122
8913
3104
2751
12
6794
1164
5649
3955
2670
359
5649
9828
4774
6688
4557
8729
1747
5259
8671
5439
748
7260
1718
8186
616
6737
3945
6711
638
4085
3193
8498
2171
7875
9270
9306
1540
3192
213
1874
7613
4540
6481
5561
5689
7810
2032
9708
2354
7053
6455
1162
9995
1013
9248
6617
5797
3179
1834
823
4367
5674
6994
4547
4354
7982
9153
1005
507
8682
3686
5004
7098
2244
4662
2094
2891
3555
5793
1973
7602
3276
8038
3152
4061
2233
8618
7255
9477
2604
869
4604
2725
6499
6493
3278
5773
2828
7928
559
8937
9034
683
2776
1646
6264
6168
1388
2533
4734
1608
9179
1948
9378
9109
4232
2664
8256
9404
5100
9311
7469
177
3772
8886
9688
7731
9225
4406
2835
6977
935
2724
3057
205
8528
8817
5952
2208
9081
7583
2328
1326
2278
5189
756
5052
6442
9573
2129
6191
7985
1692
5717
4742
9425
3914
3011
59
2525
2499
2219
150
3245
4581
5271
6259
123
9371
1683
5381
31
8897
3660
6266
6125
4792
9373
8177
1037
1980
6005
2410
2108
53
7389
4781
